                   dsf_m1                       dsf_m2                       dsf_m3                
                       RR          95% CI           RR          95% CI           RR          95% CI
dead                                                                                               
1b.dur_cat           1.00     [1.00,1.00]         1.00     [1.00,1.00]         1.00     [1.00,1.00]
2.dur_cat            0.92     [0.74,1.13]         0.97     [0.86,1.08]         1.09*    [1.01,1.18]
3.dur_cat            0.93     [0.75,1.15]         0.97     [0.88,1.07]         1.12**   [1.03,1.22]
4.dur_cat            1.06     [0.86,1.30]         0.96     [0.86,1.07]         1.17***  [1.08,1.27]
a_age                1.08***  [1.06,1.10]         1.09***  [1.08,1.10]         1.09***  [1.08,1.10]
1b.sex               1.00     [1.00,1.00]         1.00     [1.00,1.00]         1.00     [1.00,1.00]
2.sex                0.60***  [0.50,0.70]         0.59***  [0.54,0.64]         0.61***  [0.57,0.65]
1.racehisp           1.00     [0.81,1.24]         0.82**   [0.71,0.94]         0.78***  [0.69,0.88]
2b.racehisp          1.00     [1.00,1.00]         1.00     [1.00,1.00]         1.00     [1.00,1.00]
3.racehisp           1.47***  [1.20,1.80]         1.34***  [1.20,1.50]         1.03     [0.95,1.13]
4.racehisp           0.78     [0.47,1.31]         0.67**   [0.51,0.88]         0.76*    [0.61,0.96]
1b.marital           1.00     [1.00,1.00]         1.00     [1.00,1.00]         1.00     [1.00,1.00]
2.marital            1.75***  [1.45,2.11]         1.51***  [1.38,1.66]         1.21***  [1.10,1.33]
3.marital            1.75     [0.98,3.12]         1.47***  [1.28,1.69]         1.24***  [1.16,1.32]
4.marital            2.02***  [1.68,2.42]         1.81***  [1.58,2.07]         1.32***  [1.15,1.50]
1.educ_cat           2.03***  [1.52,2.71]         1.45***  [1.27,1.65]         1.23***  [1.12,1.36]
2.educ_cat           1.63***  [1.28,2.07]         1.25***  [1.11,1.41]         1.11*    [1.00,1.22]
3b.educ_cat          1.00     [1.00,1.00]         1.00     [1.00,1.00]         1.00     [1.00,1.00]
1.xspd2              1.97***  [1.50,2.59]         1.67***  [1.45,1.92]         1.62***  [1.42,1.86]
2b.xspd2             1.00     [1.00,1.00]         1.00     [1.00,1.00]         1.00     [1.00,1.00]
1b.xcigsmoke         1.00     [1.00,1.00]         1.00     [1.00,1.00]         1.00     [1.00,1.00]
2.xcigsmoke          1.46**   [1.16,1.83]         2.13***  [1.86,2.44]         2.31***  [2.06,2.58]
3.xcigsmoke          2.03***  [1.63,2.53]         2.36***  [2.11,2.63]         2.50***  [2.23,2.80]
4.xcigsmoke          1.26     [0.98,1.62]         1.43***  [1.29,1.58]         1.60***  [1.50,1.71]
1b.xalcstat          1.00     [1.00,1.00]         1.00     [1.00,1.00]         1.00     [1.00,1.00]
2.xalcstat           1.17     [0.91,1.49]         1.26***  [1.13,1.40]         1.12**   [1.04,1.21]
3.xalcstat           0.70**   [0.57,0.88]         0.75***  [0.67,0.85]         0.77***  [0.71,0.84]
4.xalcstat           0.63***  [0.48,0.83]         0.78**   [0.67,0.91]         0.74***  [0.66,0.83]
5.xalcstat           0.99     [0.70,1.39]         1.19*    [1.01,1.41]         1.07     [0.91,1.25]
1.pa08_3r            1.58***  [1.29,1.93]         1.88***  [1.72,2.06]         2.07***  [1.91,2.23]
2.pa08_3r            1.19     [0.94,1.51]         1.39***  [1.22,1.58]         1.44***  [1.30,1.58]
3b.pa08_3r           1.00     [1.00,1.00]         1.00     [1.00,1.00]         1.00     [1.00,1.00]
PY of obs       1,626,799                    1,411,986                      627,075                
