                  xdsf_m1                      xdsf_m2                      xdsf_m3                
                       RR          95% CI           RR          95% CI           RR          95% CI
dead                                                                                               
1b.dur_cat           1.00     [1.00,1.00]         1.00     [1.00,1.00]         1.00     [1.00,1.00]
2.dur_cat            1.04     [0.75,1.44]         1.00     [0.84,1.20]         1.20**   [1.06,1.35]
3.dur_cat            0.82     [0.59,1.14]         1.01     [0.85,1.20]         1.38***  [1.23,1.56]
4.dur_cat            1.02     [0.76,1.38]         1.05     [0.89,1.24]         1.42***  [1.27,1.59]
a_age                1.07***  [1.04,1.10]         1.06***  [1.05,1.08]         1.08***  [1.07,1.09]
1.racehisp           1.03     [0.72,1.49]         0.79*    [0.65,0.96]         0.75**   [0.61,0.93]
2b.racehisp          1.00     [1.00,1.00]         1.00     [1.00,1.00]         1.00     [1.00,1.00]
3.racehisp           1.41*    [1.06,1.86]         1.22*    [1.04,1.43]         0.97     [0.86,1.09]
4.racehisp           0.99     [0.49,2.04]         0.75     [0.48,1.18]         0.65*    [0.47,0.92]
1b.marital           1.00     [1.00,1.00]         1.00     [1.00,1.00]         1.00     [1.00,1.00]
2.marital            1.62***  [1.23,2.13]         1.34***  [1.17,1.53]         1.18*    [1.03,1.36]
3.marital            2.12*    [1.11,4.05]         1.40***  [1.19,1.66]         1.28***  [1.17,1.40]
4.marital            1.48*    [1.06,2.08]         1.58***  [1.26,1.98]         1.47***  [1.21,1.79]
1.educ_cat           1.63*    [1.05,2.51]         1.65***  [1.32,2.07]         1.29**   [1.09,1.52]
2.educ_cat           1.32     [0.93,1.88]         1.37**   [1.13,1.65]         1.13     [0.97,1.33]
3b.educ_cat          1.00     [1.00,1.00]         1.00     [1.00,1.00]         1.00     [1.00,1.00]
1.xspd2              1.40     [0.99,1.99]         1.38**   [1.12,1.70]         1.41***  [1.16,1.70]
2b.xspd2             1.00     [1.00,1.00]         1.00     [1.00,1.00]         1.00     [1.00,1.00]
1b.xcigsmoke         1.00     [1.00,1.00]         1.00     [1.00,1.00]         1.00     [1.00,1.00]
2.xcigsmoke          1.79***  [1.30,2.47]         1.86***  [1.56,2.22]         2.45***  [2.11,2.85]
3.xcigsmoke          2.89***  [2.08,4.01]         2.26***  [1.91,2.67]         2.28***  [1.95,2.66]
4.xcigsmoke          1.44     [0.99,2.10]         1.45***  [1.25,1.68]         1.66***  [1.52,1.82]
1b.xalcstat          1.00     [1.00,1.00]         1.00     [1.00,1.00]         1.00     [1.00,1.00]
2.xalcstat           0.89     [0.64,1.23]         1.16     [1.00,1.34]         1.05     [0.95,1.16]
3.xalcstat           0.59***  [0.45,0.79]         0.72***  [0.61,0.85]         0.70***  [0.62,0.79]
4.xalcstat           0.59*    [0.35,0.98]         0.77     [0.58,1.03]         0.66***  [0.54,0.82]
5.xalcstat           0.73     [0.45,1.21]         1.04     [0.79,1.38]         1.03     [0.82,1.30]
1.pa08_3r            1.70***  [1.29,2.25]         1.87***  [1.60,2.20]         2.29***  [2.03,2.59]
2.pa08_3r            1.28     [0.90,1.81]         1.23*    [1.02,1.48]         1.45***  [1.26,1.66]
3b.pa08_3r           1.00     [1.00,1.00]         1.00     [1.00,1.00]         1.00     [1.00,1.00]
1.chronic1p          2.45***  [1.97,3.05]         2.38***  [2.05,2.75]         1.77***  [1.58,1.98]
2b.chronic1p         1.00     [1.00,1.00]         1.00     [1.00,1.00]         1.00     [1.00,1.00]
PY of obs         901,005                      783,672                      386,509                
