                       m1                           m2                           m3                           m4                
                       RR          95% CI           RR          95% CI           RR          95% CI           RR          95% CI
dead                                                                                                                            
1b.dur_cat           1.00     [1.00,1.00]         1.00     [1.00,1.00]         1.00     [1.00,1.00]         1.00     [1.00,1.00]
2.dur_cat            0.92     [0.75,1.13]         0.95     [0.76,1.19]         0.93     [0.74,1.17]         0.93     [0.74,1.17]
3.dur_cat            0.93     [0.76,1.14]         0.96     [0.76,1.21]         0.95     [0.75,1.20]         0.95     [0.75,1.21]
4.dur_cat            1.04     [0.85,1.27]         1.04     [0.82,1.31]         1.04     [0.83,1.32]         1.04     [0.82,1.32]
a_age                1.09***  [1.07,1.11]         1.09***  [1.07,1.11]         1.09***  [1.06,1.11]         1.09***  [1.06,1.11]
1b.sex               1.00     [1.00,1.00]         1.00     [1.00,1.00]         1.00     [1.00,1.00]         1.00     [1.00,1.00]
2.sex                0.58***  [0.50,0.67]         0.52***  [0.44,0.61]         0.53***  [0.44,0.63]         0.51***  [0.42,0.61]
1.racehisp           1.13     [0.93,1.37]         0.79     [0.61,1.01]         0.93     [0.72,1.20]         0.95     [0.74,1.22]
2b.racehisp          1.00     [1.00,1.00]         1.00     [1.00,1.00]         1.00     [1.00,1.00]         1.00     [1.00,1.00]
3.racehisp           1.68***  [1.40,2.01]         1.39**   [1.12,1.72]         1.45**   [1.16,1.82]         1.47***  [1.17,1.84]
4.racehisp           0.84     [0.52,1.36]         0.63     [0.35,1.16]         0.64     [0.34,1.19]         0.63     [0.34,1.18]
1b.marital           1.00     [1.00,1.00]         1.00     [1.00,1.00]         1.00     [1.00,1.00]         1.00     [1.00,1.00]
2.marital            1.96***  [1.63,2.36]         1.57***  [1.28,1.93]         1.51***  [1.23,1.86]         1.48***  [1.20,1.82]
3.marital            2.05*    [1.17,3.59]         1.71     [0.95,3.08]         1.71     [0.95,3.08]         1.60     [0.87,2.93]
4.marital            2.14***  [1.78,2.56]         1.82***  [1.49,2.24]         1.80***  [1.46,2.21]         1.80***  [1.46,2.21]
1.xspd2              3.08***  [2.39,3.97]         1.64**   [1.22,2.22]         1.45*    [1.07,1.98]         1.45*    [1.06,1.98]
2b.xspd2             1.00     [1.00,1.00]         1.00     [1.00,1.00]         1.00     [1.00,1.00]         1.00     [1.00,1.00]
1.educ_cat                                        2.11***  [1.55,2.87]         1.65**   [1.19,2.30]         1.69**   [1.21,2.36]
2.educ_cat                                        1.73***  [1.34,2.23]         1.50**   [1.15,1.94]         1.54**   [1.18,2.02]
3b.educ_cat                                       1.00     [1.00,1.00]         1.00     [1.00,1.00]         1.00     [1.00,1.00]
1.poverty                                         2.28***  [1.75,2.97]         1.94***  [1.48,2.54]         1.85***  [1.41,2.43]
2.poverty                                         1.74***  [1.32,2.29]         1.50**   [1.13,1.99]         1.48**   [1.11,1.97]
3.poverty                                         1.20     [0.96,1.51]         1.09     [0.87,1.37]         1.08     [0.86,1.36]
4b.poverty                                        1.00     [1.00,1.00]         1.00     [1.00,1.00]         1.00     [1.00,1.00]
1.chronic1p                                       2.63***  [2.24,3.10]         2.53***  [2.15,2.98]         2.55***  [2.16,3.02]
2b.chronic1p                                      1.00     [1.00,1.00]         1.00     [1.00,1.00]         1.00     [1.00,1.00]
1b.xcigsmoke                                                                   1.00     [1.00,1.00]         1.00     [1.00,1.00]
2.xcigsmoke                                                                    1.48**   [1.16,1.89]         1.47**   [1.15,1.88]
3.xcigsmoke                                                                    2.02***  [1.58,2.58]         2.00***  [1.56,2.56]
4.xcigsmoke                                                                    1.21     [0.93,1.59]         1.22     [0.93,1.60]
1b.xalcstat                                                                    1.00     [1.00,1.00]         1.00     [1.00,1.00]
2.xalcstat                                                                     0.97     [0.73,1.29]         0.97     [0.73,1.29]
3.xalcstat                                                                     0.67**   [0.52,0.87]         0.67**   [0.52,0.86]
4.xalcstat                                                                     0.63**   [0.46,0.85]         0.62**   [0.46,0.84]
5.xalcstat                                                                     0.79     [0.55,1.15]         0.79     [0.54,1.15]
1.bmicat                                                                                                    1.86***  [1.34,2.58]
2b.bmicat                                                                                                   1.00     [1.00,1.00]
3.bmicat                                                                                                    1.00     [0.79,1.25]
4.bmicat                                                                                                    1.04     [0.82,1.31]
PY of obs       1,697,606                    1,427,771                    1,403,932                    1,376,649                
