                       m1                           m2                           m3                           m4                           m5                
                       RR          95% CI           RR          95% CI           RR          95% CI           RR          95% CI           RR          95% CI
dead                                                                                                                                                         
1b.dur_cat           1.00     [1.00,1.00]         1.00     [1.00,1.00]         1.00     [1.00,1.00]         1.00     [1.00,1.00]                             
2.dur_cat            0.92     [0.75,1.13]         0.93     [0.75,1.13]         0.94     [0.77,1.16]         0.94     [0.76,1.15]                             
3.dur_cat            0.94     [0.77,1.15]         0.94     [0.77,1.16]         0.99     [0.80,1.21]         0.98     [0.80,1.20]                             
4.dur_cat            1.05     [0.86,1.28]         1.06     [0.87,1.29]         1.14     [0.93,1.39]         1.13     [0.93,1.39]                             
a_age                1.09***  [1.07,1.11]         1.08***  [1.06,1.10]         1.08***  [1.06,1.09]         1.07***  [1.05,1.09]                             
1b.sex               1.00     [1.00,1.00]         1.00     [1.00,1.00]         1.00     [1.00,1.00]         1.00     [1.00,1.00]                             
2.sex                0.59***  [0.51,0.69]         0.63***  [0.54,0.74]         0.56***  [0.48,0.65]         0.59***  [0.51,0.69]                             
1.xspd2              3.60***  [2.80,4.63]         2.85***  [2.21,3.68]         2.64***  [2.03,3.45]         2.16***  [1.65,2.82]                             
2b.xspd2             1.00     [1.00,1.00]         1.00     [1.00,1.00]         1.00     [1.00,1.00]         1.00     [1.00,1.00]                             
1b.xcigsmoke                                      1.00     [1.00,1.00]                                      1.00     [1.00,1.00]                             
2.xcigsmoke                                       1.75***  [1.41,2.16]                                      1.70***  [1.37,2.11]                             
3.xcigsmoke                                       2.43***  [1.99,2.97]                                      2.30***  [1.88,2.82]                             
4.xcigsmoke                                       1.19     [0.95,1.50]                                      1.14     [0.90,1.43]                             
1.chronic1p                                                                    2.71***  [2.36,3.13]         2.62***  [2.28,3.02]                             
2b.chronic1p                                                                   1.00     [1.00,1.00]         1.00     [1.00,1.00]                             
PY of obs       1,701,866                    1,688,862                    1,694,982                    1,682,162                    1,701,866                
