                       m5                           m6                           m7                           m8                
                       RR          95% CI           RR          95% CI           RR          95% CI           RR          95% CI
dead                                                                                                                            
1b.dur_cat           1.00     [1.00,1.00]         1.00     [1.00,1.00]         1.00     [1.00,1.00]         1.00     [1.00,1.00]
2.dur_cat            0.95     [0.76,1.18]         0.91     [0.73,1.14]         0.91     [0.72,1.14]         0.90     [0.72,1.13]
3.dur_cat            0.96     [0.76,1.21]         0.90     [0.71,1.14]         0.90     [0.71,1.14]         0.90     [0.71,1.14]
4.dur_cat            1.03     [0.82,1.30]         0.94     [0.75,1.19]         0.94     [0.75,1.19]         0.93     [0.74,1.18]
a_age                1.09***  [1.07,1.11]         1.10***  [1.08,1.13]         1.10***  [1.08,1.12]         1.11***  [1.08,1.13]
1b.sex               1.00     [1.00,1.00]         1.00     [1.00,1.00]         1.00     [1.00,1.00]         1.00     [1.00,1.00]
2.sex                0.53***  [0.44,0.62]         0.60***  [0.51,0.71]         0.56***  [0.46,0.66]         0.54***  [0.45,0.64]
1.racehisp           0.77*    [0.60,1.00]         0.83     [0.64,1.07]         0.69**   [0.53,0.89]         0.69**   [0.53,0.88]
2b.racehisp          1.00     [1.00,1.00]         1.00     [1.00,1.00]         1.00     [1.00,1.00]         1.00     [1.00,1.00]
3.racehisp           1.36**   [1.10,1.69]         1.53***  [1.23,1.90]         1.33*    [1.06,1.66]         1.37**   [1.11,1.71]
4.racehisp           0.64     [0.35,1.16]         0.65     [0.35,1.20]         0.56     [0.30,1.05]         0.58     [0.31,1.07]
1b.marital           1.00     [1.00,1.00]         1.00     [1.00,1.00]         1.00     [1.00,1.00]         1.00     [1.00,1.00]
2.marital            1.60***  [1.30,1.97]         1.59***  [1.30,1.94]         1.69***  [1.38,2.08]         1.66***  [1.35,2.04]
3.marital            1.79     [0.99,3.22]         1.73     [0.96,3.12]         1.89*    [1.04,3.41]         1.73     [0.94,3.18]
4.marital            1.84***  [1.50,2.25]         1.83***  [1.49,2.24]         1.89***  [1.54,2.32]         1.87***  [1.53,2.29]
1.educ_cat           2.18***  [1.60,2.97]         1.86***  [1.35,2.57]         2.18***  [1.61,2.96]         2.34***  [1.72,3.17]
2.educ_cat           1.75***  [1.36,2.25]         1.58***  [1.21,2.05]         1.76***  [1.37,2.27]         1.85***  [1.43,2.39]
3b.educ_cat          1.00     [1.00,1.00]         1.00     [1.00,1.00]         1.00     [1.00,1.00]         1.00     [1.00,1.00]
1.poverty            2.42***  [1.87,3.14]         2.51***  [1.94,3.23]         2.53***  [1.94,3.31]         2.59***  [2.00,3.36]
2.poverty            1.79***  [1.36,2.35]         1.75***  [1.33,2.30]         1.73***  [1.31,2.28]         1.84***  [1.40,2.42]
3.poverty            1.21     [0.97,1.52]         1.18     [0.94,1.47]         1.17     [0.93,1.48]         1.21     [0.97,1.52]
4b.poverty           1.00     [1.00,1.00]         1.00     [1.00,1.00]         1.00     [1.00,1.00]         1.00     [1.00,1.00]
1.chronic1p          2.72***  [2.33,3.18]                                                                                       
2b.chronic1p         1.00     [1.00,1.00]                                                                                       
1b.xcigsmoke                                      1.00     [1.00,1.00]                                                          
2.xcigsmoke                                       1.37**   [1.08,1.74]                                                          
3.xcigsmoke                                       2.04***  [1.60,2.59]                                                          
4.xcigsmoke                                       1.26     [0.98,1.64]                                                          
1b.xalcstat                                                                    1.00     [1.00,1.00]                             
2.xalcstat                                                                     1.23     [0.93,1.61]                             
3.xalcstat                                                                     0.78*    [0.62,0.99]                             
4.xalcstat                                                                     0.75     [0.56,1.02]                             
5.xalcstat                                                                     1.12     [0.77,1.61]                             
1.bmicat                                                                                                    1.94***  [1.40,2.69]
2b.bmicat                                                                                                   1.00     [1.00,1.00]
3.bmicat                                                                                                    1.00     [0.81,1.24]
4.bmicat                                                                                                    1.19     [0.95,1.49]
PY of obs       1,427,771                    1,424,589                    1,413,683                    1,400,991                
