                       m6                           m7                           m8                
                       RR          95% CI           RR          95% CI           RR          95% CI
dead                                                                                               
1b.dur_cat           1.00     [1.00,1.00]         1.00     [1.00,1.00]         1.00     [1.00,1.00]
2.dur_cat            0.91     [0.74,1.12]         0.92     [0.75,1.14]         0.93     [0.75,1.15]
3.dur_cat            0.94     [0.77,1.16]         0.98     [0.80,1.21]         0.97     [0.79,1.19]
4.dur_cat            1.04     [0.85,1.27]         1.11     [0.91,1.37]         1.10     [0.90,1.36]
a_age                1.09***  [1.07,1.11]         1.08***  [1.06,1.10]         1.08***  [1.06,1.10]
1b.sex               1.00     [1.00,1.00]         1.00     [1.00,1.00]         1.00     [1.00,1.00]
2.sex                0.56***  [0.47,0.65]         0.54***  [0.46,0.64]         0.54***  [0.46,0.63]
1.xspd2              3.41***  [2.63,4.44]         2.15***  [1.63,2.83]         1.74***  [1.32,2.29]
2b.xspd2             1.00     [1.00,1.00]         1.00     [1.00,1.00]         1.00     [1.00,1.00]
1.bmicat             1.92***  [1.43,2.58]         1.82***  [1.35,2.45]         1.86***  [1.38,2.50]
2b.bmicat            1.00     [1.00,1.00]         1.00     [1.00,1.00]         1.00     [1.00,1.00]
3.bmicat             0.97     [0.80,1.19]         0.96     [0.78,1.17]         0.93     [0.76,1.15]
4.bmicat             1.33**   [1.09,1.63]         1.16     [0.94,1.43]         1.02     [0.82,1.27]
1.xsmoke                                          2.00***  [1.68,2.38]         1.63***  [1.35,1.96]
2.xsmoke                                          1.15     [0.91,1.45]         1.16     [0.91,1.47]
3b.xsmoke                                         1.00     [1.00,1.00]         1.00     [1.00,1.00]
1.chronic1p                                       2.64***  [2.28,3.06]         2.59***  [2.24,3.00]
2b.chronic1p                                      1.00     [1.00,1.00]         1.00     [1.00,1.00]
1b.marital                                                                     1.00     [1.00,1.00]
2.marital                                                                      1.64***  [1.36,1.98]
3.marital                                                                      1.70     [0.96,3.03]
4.marital                                                                      1.97***  [1.65,2.36]
1b.educ_cat                                                                    1.00     [1.00,1.00]
2.educ_cat                                                                     0.73**   [0.61,0.88]
3.educ_cat                                                                     0.38***  [0.29,0.51]
1.racehisp                                                                     1.09     [0.89,1.35]
2b.racehisp                                                                    1.00     [1.00,1.00]
3.racehisp                                                                     1.52***  [1.26,1.85]
4.racehisp                                                                     0.97     [0.59,1.59]
PY of obs       1,652,080                    1,642,676                    1,633,282                
