                       m6                           m7                           m8                
                       RR          95% CI           RR          95% CI           RR          95% CI
dead                                                                                               
1b.dur_cat           1.00     [1.00,1.00]         1.00     [1.00,1.00]         1.00     [1.00,1.00]
2.dur_cat            0.99     [0.71,1.37]         0.99     [0.71,1.38]         0.99     [0.71,1.38]
3.dur_cat            0.77     [0.56,1.05]         0.79     [0.57,1.08]         0.78     [0.57,1.08]
4.dur_cat            0.90     [0.67,1.21]         0.95     [0.71,1.28]         0.94     [0.70,1.27]
a_age                1.09***  [1.06,1.12]         1.08***  [1.05,1.11]         1.08***  [1.05,1.11]
1.xspd2              2.95***  [2.12,4.10]         1.84***  [1.32,2.56]         1.57**   [1.12,2.20]
2b.xspd2             1.00     [1.00,1.00]         1.00     [1.00,1.00]         1.00     [1.00,1.00]
1.bmicat             2.00***  [1.38,2.89]         1.94***  [1.34,2.81]         1.99***  [1.38,2.86]
2b.bmicat            1.00     [1.00,1.00]         1.00     [1.00,1.00]         1.00     [1.00,1.00]
3.bmicat             1.23     [0.91,1.67]         1.13     [0.83,1.54]         1.04     [0.76,1.43]
4.bmicat             1.63***  [1.24,2.14]         1.39*    [1.05,1.85]         1.18     [0.87,1.59]
1.xsmoke                                          2.38***  [1.84,3.07]         2.05***  [1.56,2.69]
2.xsmoke                                          1.25     [0.89,1.77]         1.29     [0.90,1.84]
3b.xsmoke                                         1.00     [1.00,1.00]         1.00     [1.00,1.00]
1.chronic1p                                       2.76***  [2.18,3.49]         2.64***  [2.09,3.33]
2b.chronic1p                                      1.00     [1.00,1.00]         1.00     [1.00,1.00]
1b.marital                                                                     1.00     [1.00,1.00]
2.marital                                                                      1.59***  [1.21,2.08]
3.marital                                                                      1.93     [0.99,3.77]
4.marital                                                                      1.47*    [1.05,2.07]
1b.educ_cat                                                                    1.00     [1.00,1.00]
2.educ_cat                                                                     0.72*    [0.54,0.97]
3.educ_cat                                                                     0.43***  [0.27,0.69]
1.racehisp                                                                     1.11     [0.79,1.56]
2b.racehisp                                                                    1.00     [1.00,1.00]
3.racehisp                                                                     1.52**   [1.17,1.97]
4.racehisp                                                                     1.19     [0.60,2.36]
PY of obs         899,665                      895,462                      891,393                
