                       m6                           m7                           m8                
                       RR          95% CI           RR          95% CI           RR          95% CI
dead                                                                                               
1b.dur_cat           1.00     [1.00,1.00]         1.00     [1.00,1.00]         1.00     [1.00,1.00]
2.dur_cat            0.85     [0.63,1.14]         0.87     [0.64,1.18]         0.88     [0.65,1.20]
3.dur_cat            1.07     [0.82,1.38]         1.12     [0.86,1.45]         1.10     [0.85,1.43]
4.dur_cat            1.13     [0.86,1.50]         1.22     [0.92,1.62]         1.21     [0.91,1.61]
a_age                1.09***  [1.06,1.11]         1.07***  [1.05,1.10]         1.08***  [1.05,1.11]
1.xspd2              3.78***  [2.56,5.57]         2.40***  [1.58,3.65]         1.88**   [1.23,2.87]
2b.xspd2             1.00     [1.00,1.00]         1.00     [1.00,1.00]         1.00     [1.00,1.00]
1.bmicat             2.16**   [1.31,3.58]         1.88*    [1.10,3.19]         1.73*    [1.02,2.94]
2b.bmicat            1.00     [1.00,1.00]         1.00     [1.00,1.00]         1.00     [1.00,1.00]
3.bmicat             0.86     [0.67,1.10]         0.86     [0.67,1.11]         0.88     [0.68,1.14]
4.bmicat             1.17     [0.90,1.51]         1.02     [0.78,1.34]         0.94     [0.71,1.24]
1.xsmoke                                          1.78***  [1.41,2.24]         1.41**   [1.10,1.80]
2.xsmoke                                          1.10     [0.82,1.47]         1.09     [0.81,1.46]
3b.xsmoke                                         1.00     [1.00,1.00]         1.00     [1.00,1.00]
1.chronic1p                                       2.56***  [2.13,3.09]         2.55***  [2.12,3.07]
2b.chronic1p                                      1.00     [1.00,1.00]         1.00     [1.00,1.00]
1b.marital                                                                     1.00     [1.00,1.00]
2.marital                                                                      1.64***  [1.26,2.13]
3.marital                                                                      0.95     [0.30,2.98]
4.marital                                                                      2.22***  [1.78,2.77]
1b.educ_cat                                                                    1.00     [1.00,1.00]
2.educ_cat                                                                     0.73**   [0.58,0.92]
3.educ_cat                                                                     0.35***  [0.25,0.51]
1.racehisp                                                                     1.10     [0.84,1.44]
2b.racehisp                                                                    1.00     [1.00,1.00]
3.racehisp                                                                     1.57***  [1.21,2.04]
4.racehisp                                                                     0.86     [0.44,1.67]
PY of obs         752,415                      747,214                      741,889                
