                  xdsf_m1                      xdsf_m2                      xdsf_m3                
                       RR          95% CI           RR          95% CI           RR          95% CI
dead                                                                                               
1b.dur_cat           1.00     [1.00,1.00]         1.00     [1.00,1.00]         1.00     [1.00,1.00]
2.dur_cat            0.85     [0.62,1.15]         0.98     [0.84,1.14]         1.05     [0.93,1.18]
3.dur_cat            1.08     [0.82,1.41]         1.02     [0.89,1.18]         0.97     [0.86,1.10]
4.dur_cat            1.22     [0.92,1.62]         1.03     [0.89,1.19]         1.08     [0.96,1.21]
a_age                1.07***  [1.05,1.10]         1.09***  [1.08,1.10]         1.09***  [1.08,1.10]
1.racehisp           1.13     [0.86,1.50]         0.94     [0.77,1.13]         0.86     [0.72,1.01]
2b.racehisp          1.00     [1.00,1.00]         1.00     [1.00,1.00]         1.00     [1.00,1.00]
3.racehisp           1.53**   [1.16,2.01]         1.34***  [1.15,1.57]         1.04     [0.91,1.19]
4.racehisp           0.69     [0.34,1.40]         0.68*    [0.48,0.95]         0.82     [0.59,1.14]
1b.marital           1.00     [1.00,1.00]         1.00     [1.00,1.00]         1.00     [1.00,1.00]
2.marital            1.69***  [1.30,2.21]         1.63***  [1.44,1.85]         1.30***  [1.14,1.48]
3.marital            0.68     [0.17,2.77]         1.53***  [1.22,1.91]         1.16**   [1.05,1.28]
4.marital            2.22***  [1.77,2.79]         2.07***  [1.74,2.45]         1.32**   [1.11,1.58]
1.educ_cat           2.11***  [1.42,3.14]         1.22*    [1.03,1.44]         1.18*    [1.03,1.35]
2.educ_cat           1.76***  [1.27,2.44]         1.16     [1.00,1.35]         1.11     [0.98,1.25]
3b.educ_cat          1.00     [1.00,1.00]         1.00     [1.00,1.00]         1.00     [1.00,1.00]
1.xspd2              1.66*    [1.06,2.59]         1.48***  [1.21,1.80]         1.68***  [1.37,2.06]
2b.xspd2             1.00     [1.00,1.00]         1.00     [1.00,1.00]         1.00     [1.00,1.00]
1b.xcigsmoke         1.00     [1.00,1.00]         1.00     [1.00,1.00]         1.00     [1.00,1.00]
2.xcigsmoke          1.24     [0.91,1.69]         2.31***  [1.91,2.80]         2.14***  [1.79,2.56]
3.xcigsmoke          1.59**   [1.20,2.11]         2.34***  [2.00,2.74]         2.63***  [2.20,3.14]
4.xcigsmoke          1.09     [0.80,1.47]         1.29**   [1.10,1.50]         1.45***  [1.31,1.61]
1b.xalcstat          1.00     [1.00,1.00]         1.00     [1.00,1.00]         1.00     [1.00,1.00]
2.xalcstat           1.27     [0.88,1.83]         1.33**   [1.12,1.58]         1.18**   [1.05,1.32]
3.xalcstat           0.80     [0.57,1.12]         0.84     [0.70,1.01]         0.89     [0.78,1.01]
4.xalcstat           0.71     [0.50,1.01]         0.87     [0.71,1.07]         0.82**   [0.71,0.95]
5.xalcstat           1.14     [0.71,1.82]         1.37**   [1.10,1.71]         1.19     [0.96,1.49]
1.pa08_3r            1.47**   [1.14,1.89]         1.77***  [1.57,2.00]         1.88***  [1.70,2.09]
2.pa08_3r            1.08     [0.79,1.49]         1.44***  [1.21,1.71]         1.43***  [1.24,1.65]
3b.pa08_3r           1.00     [1.00,1.00]         1.00     [1.00,1.00]         1.00     [1.00,1.00]
1.chronic1p          2.45***  [2.02,2.96]         2.10***  [1.87,2.35]         1.80***  [1.62,2.01]
2b.chronic1p         1.00     [1.00,1.00]         1.00     [1.00,1.00]         1.00     [1.00,1.00]
PY of obs         719,950                      617,654                      231,545                
