                       m1                           m2                           m3                           m4                           m5                
                       RR          95% CI           RR          95% CI           RR          95% CI           RR          95% CI           RR          95% CI
dead                                                                                                                                                         
1b.dur_cat           1.00     [1.00,1.00]         1.00     [1.00,1.00]         1.00     [1.00,1.00]         1.00     [1.00,1.00]         1.00     [1.00,1.00]
2.dur_cat            0.97     [0.87,1.09]         0.97     [0.87,1.09]         1.00     [0.89,1.12]         0.99     [0.89,1.11]         1.00     [0.89,1.12]
3.dur_cat            0.95     [0.86,1.05]         0.93     [0.84,1.03]         1.00     [0.91,1.11]         0.99     [0.89,1.09]         1.00     [0.90,1.11]
4.dur_cat            0.94     [0.85,1.05]         0.92     [0.82,1.02]         1.03     [0.93,1.15]         1.00     [0.90,1.12]         1.02     [0.92,1.14]
a_age                1.09***  [1.08,1.10]         1.10***  [1.09,1.11]         1.08***  [1.07,1.09]         1.08***  [1.08,1.09]         1.08***  [1.07,1.09]
1b.sex               1.00     [1.00,1.00]         1.00     [1.00,1.00]         1.00     [1.00,1.00]         1.00     [1.00,1.00]         1.00     [1.00,1.00]
2.sex                0.59***  [0.55,0.64]         0.65***  [0.60,0.70]         0.59***  [0.54,0.63]         0.63***  [0.58,0.68]         0.57***  [0.53,0.62]
1.xspd2              2.68***  [2.36,3.05]         2.27***  [1.99,2.59]         2.19***  [1.92,2.50]         1.85***  [1.62,2.11]         1.61***  [1.41,1.85]
2b.xspd2             1.00     [1.00,1.00]         1.00     [1.00,1.00]         1.00     [1.00,1.00]         1.00     [1.00,1.00]         1.00     [1.00,1.00]
1.xsmoke                                          2.74***  [2.49,3.01]                                      2.66***  [2.42,2.93]         2.32***  [2.11,2.55]
2.xsmoke                                          1.41***  [1.28,1.55]                                      1.31***  [1.18,1.44]         1.31***  [1.19,1.45]
3b.xsmoke                                         1.00     [1.00,1.00]                                      1.00     [1.00,1.00]         1.00     [1.00,1.00]
1.chronic1p                                                                    2.44***  [2.23,2.68]         2.43***  [2.22,2.66]         2.32***  [2.13,2.54]
2b.chronic1p                                                                   1.00     [1.00,1.00]         1.00     [1.00,1.00]         1.00     [1.00,1.00]
1b.marital                                                                                                                               1.00     [1.00,1.00]
2.marital                                                                                                                                1.54***  [1.41,1.69]
3.marital                                                                                                                                1.53***  [1.34,1.75]
4.marital                                                                                                                                1.98***  [1.73,2.26]
1b.educ_cat                                                                                                                              1.00     [1.00,1.00]
2.educ_cat                                                                                                                               0.79***  [0.73,0.86]
3.educ_cat                                                                                                                               0.55***  [0.49,0.63]
1.racehisp                                                                                                                               0.90     [0.78,1.04]
2b.racehisp                                                                                                                              1.00     [1.00,1.00]
3.racehisp                                                                                                                               1.37***  [1.22,1.54]
4.racehisp                                                                                                                               0.73*    [0.56,0.95]
PY of obs       1,481,634                    1,475,820                    1,469,418                    1,463,729                    1,453,737                
