                       m1                           m2                           m3                           m4                           m5                
                       RR          95% CI           RR          95% CI           RR          95% CI           RR          95% CI           RR          95% CI
dead                                                                                                                                                         
1b.dur_cat           1.00     [1.00,1.00]         1.00     [1.00,1.00]         1.00     [1.00,1.00]         1.00     [1.00,1.00]         1.00     [1.00,1.00]
2.dur_cat            0.97     [0.85,1.11]         0.97     [0.85,1.10]         1.00     [0.88,1.14]         0.99     [0.87,1.13]         1.00     [0.88,1.14]
3.dur_cat            0.92     [0.80,1.05]         0.91     [0.80,1.04]         0.97     [0.85,1.11]         0.96     [0.84,1.10]         0.96     [0.84,1.10]
4.dur_cat            1.05     [0.92,1.21]         1.05     [0.92,1.21]         1.16*    [1.01,1.32]         1.15*    [1.01,1.31]         1.16*    [1.01,1.33]
1b.sex               1.00     [1.00,1.00]         1.00     [1.00,1.00]         1.00     [1.00,1.00]         1.00     [1.00,1.00]         1.00     [1.00,1.00]
2.sex                0.61***  [0.55,0.66]         0.65***  [0.59,0.71]         0.57***  [0.52,0.63]         0.60***  [0.55,0.66]         0.58***  [0.53,0.64]
1.xspd2              3.33***  [2.86,3.88]         2.75***  [2.35,3.22]         2.39***  [2.04,2.80]         1.99***  [1.69,2.34]         1.60***  [1.36,1.87]
2b.xspd2             1.00     [1.00,1.00]         1.00     [1.00,1.00]         1.00     [1.00,1.00]         1.00     [1.00,1.00]         1.00     [1.00,1.00]
1.xsmoke                                          2.42***  [2.16,2.72]                                      2.30***  [2.05,2.58]         1.96***  [1.75,2.20]
2.xsmoke                                          1.62***  [1.41,1.85]                                      1.44***  [1.26,1.65]         1.48***  [1.29,1.70]
3b.xsmoke                                         1.00     [1.00,1.00]                                      1.00     [1.00,1.00]         1.00     [1.00,1.00]
1.chronic1p                                                                    3.18***  [2.89,3.49]         3.07***  [2.80,3.38]         2.95***  [2.69,3.24]
2b.chronic1p                                                                   1.00     [1.00,1.00]         1.00     [1.00,1.00]         1.00     [1.00,1.00]
1b.marital                                                                                                                               1.00     [1.00,1.00]
2.marital                                                                                                                                1.73***  [1.56,1.92]
3.marital                                                                                                                                2.27***  [1.73,2.99]
4.marital                                                                                                                                1.73***  [1.54,1.94]
1b.educ_cat                                                                                                                              1.00     [1.00,1.00]
2.educ_cat                                                                                                                               0.66***  [0.60,0.73]
3.educ_cat                                                                                                                               0.47***  [0.40,0.55]
1.racehisp                                                                                                                               0.95     [0.81,1.11]
2b.racehisp                                                                                                                              1.00     [1.00,1.00]
3.racehisp                                                                                                                               1.49***  [1.33,1.67]
4.racehisp                                                                                                                               0.71*    [0.51,0.98]
PY of obs       2,632,391                    2,622,077                    2,619,348                    2,609,182                    2,592,328                
