                       m1                           m2                           m3                           m4                           m5                
                       RR          95% CI           RR          95% CI           RR          95% CI           RR          95% CI           RR          95% CI
dead                                                                                                                                                         
1b.dur_cat           1.00     [1.00,1.00]         1.00     [1.00,1.00]         1.00     [1.00,1.00]         1.00     [1.00,1.00]         1.00     [1.00,1.00]
2.dur_cat            0.98     [0.83,1.17]         0.98     [0.83,1.17]         1.00     [0.84,1.19]         1.00     [0.83,1.19]         1.00     [0.84,1.20]
3.dur_cat            0.94     [0.80,1.11]         0.93     [0.79,1.10]         0.98     [0.83,1.15]         0.97     [0.82,1.14]         1.00     [0.84,1.18]
4.dur_cat            0.93     [0.79,1.09]         0.92     [0.78,1.08]         1.01     [0.86,1.18]         0.99     [0.84,1.17]         1.03     [0.87,1.21]
a_age                1.09***  [1.07,1.10]         1.09***  [1.08,1.10]         1.07***  [1.06,1.09]         1.08***  [1.06,1.09]         1.07***  [1.05,1.08]
1.xspd2              2.66***  [2.19,3.22]         2.25***  [1.86,2.73]         2.12***  [1.74,2.58]         1.80***  [1.48,2.19]         1.53***  [1.25,1.87]
2b.xspd2             1.00     [1.00,1.00]         1.00     [1.00,1.00]         1.00     [1.00,1.00]         1.00     [1.00,1.00]         1.00     [1.00,1.00]
1.xsmoke                                          2.44***  [2.14,2.78]                                      2.35***  [2.06,2.68]         2.11***  [1.85,2.41]
2.xsmoke                                          1.47***  [1.27,1.70]                                      1.38***  [1.19,1.60]         1.41***  [1.22,1.64]
3b.xsmoke                                         1.00     [1.00,1.00]                                      1.00     [1.00,1.00]         1.00     [1.00,1.00]
1.chronic1p                                                                    2.83***  [2.45,3.27]         2.78***  [2.41,3.20]         2.56***  [2.22,2.96]
2b.chronic1p                                                                   1.00     [1.00,1.00]         1.00     [1.00,1.00]         1.00     [1.00,1.00]
1b.marital                                                                                                                               1.00     [1.00,1.00]
2.marital                                                                                                                                1.37***  [1.20,1.56]
3.marital                                                                                                                                1.46***  [1.24,1.72]
4.marital                                                                                                                                1.64***  [1.30,2.05]
1b.educ_cat                                                                                                                              1.00     [1.00,1.00]
2.educ_cat                                                                                                                               0.72***  [0.62,0.82]
3.educ_cat                                                                                                                               0.45***  [0.36,0.55]
1.racehisp                                                                                                                               0.84     [0.69,1.03]
2b.racehisp                                                                                                                              1.00     [1.00,1.00]
3.racehisp                                                                                                                               1.36***  [1.16,1.58]
4.racehisp                                                                                                                               0.78     [0.49,1.23]
PY of obs         823,192                      820,278                      816,657                      813,825                      808,464                
