                       m1                           m2                           m3                           m4                           m5                
                       RR          95% CI           RR          95% CI           RR          95% CI           RR          95% CI           RR          95% CI
dead                                                                                                                                                         
1b.dur_cat           1.00     [1.00,1.00]         1.00     [1.00,1.00]         1.00     [1.00,1.00]         1.00     [1.00,1.00]         1.00     [1.00,1.00]
2.dur_cat            1.03     [0.76,1.41]         1.02     [0.75,1.40]         1.04     [0.76,1.43]         1.02     [0.75,1.41]         1.03     [0.75,1.41]
3.dur_cat            0.77     [0.56,1.06]         0.77     [0.56,1.05]         0.81     [0.59,1.11]         0.80     [0.58,1.10]         0.80     [0.58,1.10]
4.dur_cat            0.94     [0.70,1.25]         0.92     [0.69,1.23]         1.01     [0.76,1.35]         0.99     [0.74,1.32]         0.98     [0.73,1.31]
a_age                1.09***  [1.06,1.12]         1.09***  [1.06,1.12]         1.08***  [1.05,1.10]         1.08***  [1.05,1.11]         1.08***  [1.05,1.11]
1.xspd2              3.16***  [2.31,4.32]         2.53***  [1.85,3.45]         2.35***  [1.71,3.24]         1.95***  [1.42,2.69]         1.63**   [1.18,2.26]
2b.xspd2             1.00     [1.00,1.00]         1.00     [1.00,1.00]         1.00     [1.00,1.00]         1.00     [1.00,1.00]         1.00     [1.00,1.00]
1.xsmoke                                          2.49***  [1.97,3.16]                                      2.30***  [1.80,2.93]         2.04***  [1.58,2.63]
2.xsmoke                                          1.26     [0.90,1.77]                                      1.20     [0.86,1.69]         1.26     [0.89,1.78]
3b.xsmoke                                         1.00     [1.00,1.00]                                      1.00     [1.00,1.00]         1.00     [1.00,1.00]
1.chronic1p                                                                    2.92***  [2.36,3.62]         2.75***  [2.21,3.42]         2.55***  [2.06,3.17]
2b.chronic1p                                                                   1.00     [1.00,1.00]         1.00     [1.00,1.00]         1.00     [1.00,1.00]
1b.marital                                                                                                                               1.00     [1.00,1.00]
2.marital                                                                                                                                1.67***  [1.28,2.18]
3.marital                                                                                                                                2.07*    [1.09,3.95]
4.marital                                                                                                                                1.48*    [1.06,2.07]
1b.educ_cat                                                                                                                              1.00     [1.00,1.00]
2.educ_cat                                                                                                                               0.71*    [0.52,0.95]
3.educ_cat                                                                                                                               0.45***  [0.29,0.69]
1.racehisp                                                                                                                               1.10     [0.79,1.53]
2b.racehisp                                                                                                                              1.00     [1.00,1.00]
3.racehisp                                                                                                                               1.53***  [1.19,1.97]
4.racehisp                                                                                                                               1.17     [0.59,2.34]
PY of obs         939,088                      936,146                      935,731                      932,821                      928,099                
