                       m1                           m2                           m3                           m4                           m5                
                       RR          95% CI           RR          95% CI           RR          95% CI           RR          95% CI           RR          95% CI
dead                                                                                                                                                         
1b.dur_cat           1.00     [1.00,1.00]         1.00     [1.00,1.00]         1.00     [1.00,1.00]         1.00     [1.00,1.00]         1.00     [1.00,1.00]
2.dur_cat            0.92     [0.75,1.13]         0.91     [0.75,1.12]         0.94     [0.77,1.16]         0.93     [0.76,1.14]         0.94     [0.76,1.16]
3.dur_cat            0.94     [0.77,1.15]         0.94     [0.76,1.15]         0.99     [0.80,1.21]         0.98     [0.80,1.20]         0.97     [0.79,1.19]
4.dur_cat            1.05     [0.86,1.28]         1.04     [0.85,1.28]         1.14     [0.93,1.39]         1.13     [0.92,1.38]         1.11     [0.91,1.37]
a_age                1.09***  [1.07,1.11]         1.09***  [1.07,1.11]         1.08***  [1.06,1.09]         1.07***  [1.06,1.09]         1.08***  [1.06,1.10]
1b.sex               1.00     [1.00,1.00]         1.00     [1.00,1.00]         1.00     [1.00,1.00]         1.00     [1.00,1.00]         1.00     [1.00,1.00]
2.sex                0.59***  [0.51,0.69]         0.62***  [0.53,0.72]         0.56***  [0.48,0.65]         0.58***  [0.50,0.67]         0.57***  [0.49,0.66]
1.xspd2              3.60***  [2.80,4.63]         3.02***  [2.35,3.88]         2.64***  [2.03,3.45]         2.24***  [1.72,2.92]         1.80***  [1.38,2.35]
2b.xspd2             1.00     [1.00,1.00]         1.00     [1.00,1.00]         1.00     [1.00,1.00]         1.00     [1.00,1.00]         1.00     [1.00,1.00]
1.xsmoke                                          2.08***  [1.75,2.48]                                      2.00***  [1.68,2.38]         1.66***  [1.39,1.99]
2.xsmoke                                          1.19     [0.95,1.50]                                      1.13     [0.90,1.43]         1.15     [0.91,1.46]
3b.xsmoke                                         1.00     [1.00,1.00]                                      1.00     [1.00,1.00]         1.00     [1.00,1.00]
1.chronic1p                                                                    2.71***  [2.36,3.13]         2.64***  [2.29,3.04]         2.53***  [2.20,2.92]
2b.chronic1p                                                                   1.00     [1.00,1.00]         1.00     [1.00,1.00]         1.00     [1.00,1.00]
1b.marital                                                                                                                               1.00     [1.00,1.00]
2.marital                                                                                                                                1.68***  [1.40,2.03]
3.marital                                                                                                                                1.80*    [1.03,3.15]
4.marital                                                                                                                                1.99***  [1.66,2.38]
1b.educ_cat                                                                                                                              1.00     [1.00,1.00]
2.educ_cat                                                                                                                               0.73***  [0.60,0.88]
3.educ_cat                                                                                                                               0.39***  [0.29,0.51]
1.racehisp                                                                                                                               1.08     [0.88,1.32]
2b.racehisp                                                                                                                              1.00     [1.00,1.00]
3.racehisp                                                                                                                               1.51***  [1.25,1.82]
4.racehisp                                                                                                                               0.98     [0.59,1.61]
PY of obs       1,701,866                    1,695,294                    1,694,982                    1,688,505                    1,678,061                
