                       m1                           m2                           m3                           m4                           m5                
                       RR          95% CI           RR          95% CI           RR          95% CI           RR          95% CI           RR          95% CI
dead                                                                                                                                                         
1b.dur_cat           1.00     [1.00,1.00]         1.00     [1.00,1.00]         1.00     [1.00,1.00]         1.00     [1.00,1.00]         1.00     [1.00,1.00]
2.dur_cat            1.00     [0.90,1.13]         1.00     [0.89,1.12]         1.03     [0.92,1.16]         1.02     [0.91,1.15]         1.04     [0.93,1.17]
3.dur_cat            0.93     [0.82,1.04]         0.91     [0.81,1.02]         0.96     [0.85,1.08]         0.94     [0.83,1.06]         0.96     [0.85,1.08]
4.dur_cat            0.98     [0.88,1.10]         0.95     [0.85,1.07]         1.04     [0.93,1.17]         1.01     [0.90,1.13]         1.03     [0.92,1.16]
a_age                1.09***  [1.08,1.10]         1.10***  [1.09,1.11]         1.09***  [1.08,1.10]         1.10***  [1.09,1.11]         1.09***  [1.08,1.10]
1.xspd2              2.53***  [2.11,3.02]         2.37***  [1.98,2.85]         2.29***  [1.90,2.75]         2.14***  [1.77,2.59]         1.98***  [1.63,2.40]
2b.xspd2             1.00     [1.00,1.00]         1.00     [1.00,1.00]         1.00     [1.00,1.00]         1.00     [1.00,1.00]         1.00     [1.00,1.00]
1.xsmoke                                          2.75***  [2.41,3.14]                                      2.72***  [2.38,3.12]         2.48***  [2.16,2.84]
2.xsmoke                                          1.48***  [1.34,1.64]                                      1.43***  [1.29,1.59]         1.41***  [1.27,1.56]
3b.xsmoke                                         1.00     [1.00,1.00]                                      1.00     [1.00,1.00]         1.00     [1.00,1.00]
1.chronic1p                                                                    1.86***  [1.67,2.06]         1.86***  [1.67,2.07]         1.88***  [1.69,2.08]
2b.chronic1p                                                                   1.00     [1.00,1.00]         1.00     [1.00,1.00]         1.00     [1.00,1.00]
1b.marital                                                                                                                               1.00     [1.00,1.00]
2.marital                                                                                                                                1.36***  [1.19,1.55]
3.marital                                                                                                                                1.19***  [1.08,1.31]
4.marital                                                                                                                                1.38***  [1.17,1.63]
1b.educ_cat                                                                                                                              1.00     [1.00,1.00]
2.educ_cat                                                                                                                               0.83***  [0.77,0.91]
3.educ_cat                                                                                                                               0.66***  [0.58,0.75]
1.racehisp                                                                                                                               0.84*    [0.71,0.99]
2b.racehisp                                                                                                                              1.00     [1.00,1.00]
3.racehisp                                                                                                                               1.12     [0.98,1.27]
4.racehisp                                                                                                                               0.83     [0.60,1.16]
PY of obs         246,986                      246,028                      242,979                      242,097                      240,294                
