                       m1                           m2                           m3                           m4                           m5                
                       RR          95% CI           RR          95% CI           RR          95% CI           RR          95% CI           RR          95% CI
dead                                                                                                                                                         
1b.dur_cat           1.00     [1.00,1.00]         1.00     [1.00,1.00]         1.00     [1.00,1.00]         1.00     [1.00,1.00]         1.00     [1.00,1.00]
2.dur_cat            0.85     [0.63,1.14]         0.84     [0.62,1.13]         0.87     [0.65,1.17]         0.86     [0.64,1.16]         0.87     [0.64,1.18]
3.dur_cat            1.05     [0.81,1.36]         1.05     [0.81,1.36]         1.11     [0.86,1.43]         1.11     [0.86,1.43]         1.09     [0.84,1.41]
4.dur_cat            1.13     [0.85,1.49]         1.13     [0.86,1.49]         1.22     [0.92,1.62]         1.22     [0.92,1.61]         1.20     [0.91,1.60]
a_age                1.09***  [1.06,1.11]         1.08***  [1.06,1.11]         1.07***  [1.05,1.10]         1.07***  [1.05,1.10]         1.08***  [1.05,1.11]
1.xspd2              4.05***  [2.78,5.91]         3.50***  [2.40,5.10]         2.93***  [1.95,4.41]         2.52***  [1.68,3.79]         1.96**   [1.30,2.96]
2b.xspd2             1.00     [1.00,1.00]         1.00     [1.00,1.00]         1.00     [1.00,1.00]         1.00     [1.00,1.00]         1.00     [1.00,1.00]
1.xsmoke                                          1.86***  [1.48,2.33]                                      1.82***  [1.45,2.30]         1.45**   [1.14,1.85]
2.xsmoke                                          1.14     [0.86,1.52]                                      1.09     [0.82,1.46]         1.08     [0.81,1.46]
3b.xsmoke                                         1.00     [1.00,1.00]                                      1.00     [1.00,1.00]         1.00     [1.00,1.00]
1.chronic1p                                                                    2.59***  [2.15,3.12]         2.56***  [2.12,3.08]         2.51***  [2.08,3.02]
2b.chronic1p                                                                   1.00     [1.00,1.00]         1.00     [1.00,1.00]         1.00     [1.00,1.00]
1b.marital                                                                                                                               1.00     [1.00,1.00]
2.marital                                                                                                                                1.66***  [1.28,2.15]
3.marital                                                                                                                                0.96     [0.31,3.02]
4.marital                                                                                                                                2.27***  [1.82,2.83]
1b.educ_cat                                                                                                                              1.00     [1.00,1.00]
2.educ_cat                                                                                                                               0.73**   [0.58,0.92]
3.educ_cat                                                                                                                               0.35***  [0.24,0.51]
1.racehisp                                                                                                                               1.08     [0.82,1.41]
2b.racehisp                                                                                                                              1.00     [1.00,1.00]
3.racehisp                                                                                                                               1.56***  [1.20,2.02]
4.racehisp                                                                                                                               0.88     [0.45,1.70]
PY of obs         762,778                      759,148                      759,251                      755,684                      749,962                
