                       m1                           m2                           m3                           m4                           m5                
                       RR          95% CI           RR          95% CI           RR          95% CI           RR          95% CI           RR          95% CI
dead                                                                                                                                                         
1b.dur_cat           1.00     [1.00,1.00]         1.00     [1.00,1.00]         1.00     [1.00,1.00]         1.00     [1.00,1.00]         1.00     [1.00,1.00]
2.dur_cat            0.99     [0.89,1.10]         0.99     [0.89,1.10]         1.01     [0.91,1.13]         1.01     [0.90,1.13]         1.02     [0.91,1.14]
3.dur_cat            1.01     [0.91,1.12]         1.00     [0.90,1.10]         1.06     [0.95,1.18]         1.04     [0.94,1.16]         1.07     [0.97,1.20]
4.dur_cat            0.97     [0.87,1.08]         0.94     [0.84,1.04]         1.05     [0.94,1.17]         1.02     [0.91,1.14]         1.07     [0.95,1.19]
1b.sex               1.00     [1.00,1.00]         1.00     [1.00,1.00]         1.00     [1.00,1.00]         1.00     [1.00,1.00]         1.00     [1.00,1.00]
2.sex                0.60***  [0.55,0.64]         0.66***  [0.61,0.71]         0.60***  [0.56,0.65]         0.65***  [0.60,0.71]         0.56***  [0.52,0.60]
1.xspd2              2.36***  [2.03,2.75]         2.10***  [1.80,2.45]         2.03***  [1.74,2.37]         1.80***  [1.54,2.10]         1.57***  [1.34,1.84]
2b.xspd2             1.00     [1.00,1.00]         1.00     [1.00,1.00]         1.00     [1.00,1.00]         1.00     [1.00,1.00]         1.00     [1.00,1.00]
1.xsmoke                                          2.81***  [2.55,3.09]                                      2.77***  [2.51,3.05]         2.44***  [2.21,2.70]
2.xsmoke                                          1.56***  [1.42,1.71]                                      1.45***  [1.31,1.59]         1.43***  [1.29,1.57]
3b.xsmoke                                         1.00     [1.00,1.00]                                      1.00     [1.00,1.00]         1.00     [1.00,1.00]
1.chronic1p                                                                    2.40***  [2.19,2.64]         2.41***  [2.20,2.64]         2.30***  [2.10,2.52]
2b.chronic1p                                                                   1.00     [1.00,1.00]         1.00     [1.00,1.00]         1.00     [1.00,1.00]
1b.marital                                                                                                                               1.00     [1.00,1.00]
2.marital                                                                                                                                1.40***  [1.28,1.54]
3.marital                                                                                                                                1.70***  [1.54,1.87]
4.marital                                                                                                                                1.57***  [1.35,1.82]
1b.educ_cat                                                                                                                              1.00     [1.00,1.00]
2.educ_cat                                                                                                                               0.79***  [0.73,0.85]
3.educ_cat                                                                                                                               0.53***  [0.47,0.60]
1.racehisp                                                                                                                               0.86*    [0.75,1.00]
2b.racehisp                                                                                                                              1.00     [1.00,1.00]
3.racehisp                                                                                                                               1.21***  [1.09,1.35]
4.racehisp                                                                                                                               0.78     [0.60,1.01]
PY of obs         844,049                      840,950                      834,688                      831,674                      825,999                
