                  xcig_m1                      xcig_m2                      xcig_m3                
                       RR          95% CI           RR          95% CI           RR          95% CI
dead                                                                                               
1b.dur_cat           1.00     [1.00,1.00]         1.00     [1.00,1.00]         1.00     [1.00,1.00]
2.dur_cat            0.93     [0.75,1.15]         0.99     [0.88,1.11]         1.12**   [1.03,1.21]
3.dur_cat            0.97     [0.79,1.20]         1.02     [0.92,1.13]         1.15**   [1.06,1.26]
4.dur_cat            1.14     [0.93,1.40]         1.03     [0.93,1.15]         1.23***  [1.13,1.33]
a_age                1.07***  [1.05,1.09]         1.08***  [1.07,1.09]         1.09***  [1.08,1.09]
1b.sex               1.00     [1.00,1.00]         1.00     [1.00,1.00]         1.00     [1.00,1.00]
2.sex                0.56***  [0.47,0.66]         0.57***  [0.52,0.62]         0.61***  [0.57,0.65]
1.racehisp           1.09     [0.88,1.35]         0.88     [0.76,1.01]         0.81***  [0.72,0.91]
2b.racehisp          1.00     [1.00,1.00]         1.00     [1.00,1.00]         1.00     [1.00,1.00]
3.racehisp           1.44***  [1.18,1.76]         1.29***  [1.15,1.45]         1.01     [0.92,1.11]
4.racehisp           0.81     [0.47,1.37]         0.70*    [0.54,0.92]         0.76*    [0.60,0.96]
1b.marital           1.00     [1.00,1.00]         1.00     [1.00,1.00]         1.00     [1.00,1.00]
2.marital            1.67***  [1.38,2.02]         1.50***  [1.37,1.65]         1.24***  [1.13,1.36]
3.marital            1.75     [0.98,3.12]         1.46***  [1.27,1.68]         1.24***  [1.16,1.32]
4.marital            1.95***  [1.62,2.34]         1.86***  [1.62,2.13]         1.39***  [1.21,1.59]
1.educ_cat           1.91***  [1.42,2.57]         1.36***  [1.19,1.56]         1.21***  [1.10,1.34]
2.educ_cat           1.58***  [1.25,2.02]         1.22**   [1.08,1.38]         1.10     [1.00,1.21]
3b.educ_cat          1.00     [1.00,1.00]         1.00     [1.00,1.00]         1.00     [1.00,1.00]
1.xspd2              1.54     [0.96,2.48]         1.22     [0.89,1.68]         1.42**   [1.13,1.78]
2b.xspd2             1.00     [1.00,1.00]         1.00     [1.00,1.00]         1.00     [1.00,1.00]
1b.xcigsmoke         1.00     [1.00,1.00]         1.00     [1.00,1.00]         1.00     [1.00,1.00]
2.xcigsmoke          1.49**   [1.18,1.89]         2.11***  [1.83,2.43]         2.30***  [2.05,2.59]
3.xcigsmoke          1.96***  [1.57,2.45]         2.31***  [2.07,2.59]         2.56***  [2.28,2.88]
4.xcigsmoke          1.21     [0.93,1.57]         1.30***  [1.17,1.45]         1.54***  [1.44,1.65]
1b.xalcstat          1.00     [1.00,1.00]         1.00     [1.00,1.00]         1.00     [1.00,1.00]
2.xalcstat           1.08     [0.84,1.38]         1.22***  [1.09,1.37]         1.08*    [1.01,1.17]
3.xalcstat           0.69**   [0.56,0.86]         0.77***  [0.68,0.87]         0.78***  [0.71,0.84]
4.xalcstat           0.63***  [0.48,0.83]         0.81**   [0.70,0.95]         0.74***  [0.66,0.83]
5.xalcstat           0.94     [0.67,1.31]         1.22*    [1.03,1.44]         1.08     [0.92,1.27]
1.pa08_3r            1.54***  [1.26,1.89]         1.81***  [1.65,1.98]         2.03***  [1.88,2.20]
2.pa08_3r            1.14     [0.90,1.45]         1.34***  [1.18,1.53]         1.41***  [1.28,1.56]
3b.pa08_3r           1.00     [1.00,1.00]         1.00     [1.00,1.00]         1.00     [1.00,1.00]
1.chronic1p          2.46***  [2.13,2.84]         2.20***  [2.02,2.41]         1.80***  [1.66,1.96]
2b.chronic1p         1.00     [1.00,1.00]         1.00     [1.00,1.00]         1.00     [1.00,1.00]
1o.xspd2#1~e         1.00     [1.00,1.00]         1.00     [1.00,1.00]         1.00     [1.00,1.00]
1.xspd2#2.~e         0.69     [0.36,1.34]         1.07     [0.69,1.65]         1.19     [0.75,1.89]
1.xspd2#3.~e         1.13     [0.62,2.06]         1.10     [0.74,1.62]         0.71     [0.41,1.22]
1.xspd2#4.~e         1.09     [0.37,3.21]         1.50     [1.00,2.25]         1.20     [0.90,1.62]
2b.xspd2#1~e         1.00     [1.00,1.00]         1.00     [1.00,1.00]         1.00     [1.00,1.00]
2b.xspd2#2~e         1.00     [1.00,1.00]         1.00     [1.00,1.00]         1.00     [1.00,1.00]
2b.xspd2#3~e         1.00     [1.00,1.00]         1.00     [1.00,1.00]         1.00     [1.00,1.00]
2b.xspd2#4~e         1.00     [1.00,1.00]         1.00     [1.00,1.00]         1.00     [1.00,1.00]
PY of obs       1,620,955                    1,401,326                      618,054                
