                  xdsf_m1                      xdsf_m2                      xdsf_m3                
                       RR          95% CI           RR          95% CI           RR          95% CI
dead                                                                                               
1b.dur_cat           1.00     [1.00,1.00]         1.00     [1.00,1.00]         1.00     [1.00,1.00]
2.dur_cat            0.93     [0.75,1.15]         0.99     [0.88,1.11]         1.12**   [1.03,1.20]
3.dur_cat            0.97     [0.79,1.20]         1.02     [0.92,1.13]         1.15**   [1.06,1.25]
4.dur_cat            1.14     [0.93,1.40]         1.03     [0.93,1.15]         1.23***  [1.13,1.33]
a_age                1.07***  [1.05,1.09]         1.08***  [1.07,1.09]         1.09***  [1.08,1.09]
1b.sex               1.00     [1.00,1.00]         1.00     [1.00,1.00]         1.00     [1.00,1.00]
2.sex                0.56***  [0.47,0.66]         0.57***  [0.52,0.62]         0.61***  [0.57,0.65]
1.racehisp           1.09     [0.88,1.35]         0.87     [0.76,1.01]         0.81***  [0.72,0.91]
2b.racehisp          1.00     [1.00,1.00]         1.00     [1.00,1.00]         1.00     [1.00,1.00]
3.racehisp           1.44***  [1.18,1.76]         1.29***  [1.15,1.45]         1.01     [0.92,1.11]
4.racehisp           0.81     [0.47,1.37]         0.71*    [0.54,0.93]         0.76*    [0.60,0.96]
1b.marital           1.00     [1.00,1.00]         1.00     [1.00,1.00]         1.00     [1.00,1.00]
2.marital            1.67***  [1.38,2.02]         1.51***  [1.37,1.65]         1.24***  [1.12,1.36]
3.marital            1.76     [0.98,3.13]         1.46***  [1.27,1.68]         1.24***  [1.16,1.32]
4.marital            1.94***  [1.62,2.33]         1.86***  [1.63,2.14]         1.38***  [1.21,1.58]
1.educ_cat           1.91***  [1.42,2.56]         1.37***  [1.19,1.56]         1.21***  [1.10,1.34]
2.educ_cat           1.58***  [1.24,2.01]         1.22**   [1.08,1.38]         1.10     [1.00,1.21]
3b.educ_cat          1.00     [1.00,1.00]         1.00     [1.00,1.00]         1.00     [1.00,1.00]
1.xspd2              1.54**   [1.16,2.05]         1.44***  [1.24,1.66]         1.52***  [1.33,1.75]
2b.xspd2             1.00     [1.00,1.00]         1.00     [1.00,1.00]         1.00     [1.00,1.00]
1b.xcigsmoke         1.00     [1.00,1.00]         1.00     [1.00,1.00]         1.00     [1.00,1.00]
2.xcigsmoke          1.44**   [1.15,1.82]         2.11***  [1.84,2.42]         2.33***  [2.07,2.61]
3.xcigsmoke          2.00***  [1.60,2.49]         2.31***  [2.08,2.57]         2.51***  [2.24,2.82]
4.xcigsmoke          1.21     [0.94,1.56]         1.33***  [1.20,1.48]         1.55***  [1.45,1.66]
1b.xalcstat          1.00     [1.00,1.00]         1.00     [1.00,1.00]         1.00     [1.00,1.00]
2.xalcstat           1.08     [0.84,1.38]         1.22***  [1.09,1.37]         1.08*    [1.01,1.17]
3.xalcstat           0.69**   [0.56,0.86]         0.77***  [0.68,0.87]         0.78***  [0.71,0.84]
4.xalcstat           0.63***  [0.48,0.83]         0.81**   [0.69,0.95]         0.74***  [0.66,0.83]
5.xalcstat           0.94     [0.67,1.31]         1.21*    [1.02,1.44]         1.08     [0.92,1.27]
1.pa08_3r            1.54***  [1.26,1.89]         1.81***  [1.65,1.99]         2.04***  [1.88,2.20]
2.pa08_3r            1.14     [0.90,1.45]         1.34***  [1.18,1.53]         1.41***  [1.28,1.56]
3b.pa08_3r           1.00     [1.00,1.00]         1.00     [1.00,1.00]         1.00     [1.00,1.00]
1.chronic1p          2.46***  [2.12,2.84]         2.20***  [2.01,2.40]         1.80***  [1.66,1.95]
2b.chronic1p         1.00     [1.00,1.00]         1.00     [1.00,1.00]         1.00     [1.00,1.00]
PY of obs       1,620,955                    1,401,326                      618,054                
